eval_loss = 0.060728142892970086
f1_score = 0.8874769341982612
precision = 0.8806850359810015
recall = 0.8943744056930769
